% Ra=145116
c2=4+1+2; %c2=d2+d4+2
c3=(1+4)/2; %c3=(d1+d2)/2
c1=c3+1;
c4=c2-1;
c5=c4/5;
up=(c2+1)/10;      %up=(c2+d5)/10
vp=((-1)^5)*6/10;  % -1^d5 * d6/10
q0=1/100;          %d4/100
q0p=(1+1)/100;     %(d5+1)/100
qpp=6/100;         %d6/100



